Option 0 - Global Parameters
Projection   : ECEF
Image        : 
Boundary     : 
ShearModulus : 3e11      #dyne/cm2
IM           : 0.001
im           : logsp(0.01,3,20);
MaxDistance  : 500
MagDiscrete  : gauss 15
Sigma        : 
PCE          : shuffle MC 500
IM1          : 0.01
IM2          : 1
Spatial      : 
Spectral     : 
SourceDeagg  : on
Clusters     : off 100 1

Option 1 - Logic Tree Weights
Geom Weight : 1
Gmpe Weight : 1
Mscl Weight : 1 

Option 2 - Source Geometry
geometry 1    # 47.1238898038469 = pi/2*30 = average "length"
area1 S1 crustal strike-slip null 0 1   2 2 0 leak 20 0 0 21.0526315789474 0 0 22.1052631578947 0 0 23.1578947368421 0 0 24.2105263157895 0 0 25.2631578947368 0 0 26.3157894736842 0 0 27.3684210526316 0 0 28.4210526315789 0 0 29.4736842105263 0 0 30.5263157894737 0 0 31.5789473684211 0 0 32.6315789473684 0 0 33.6842105263158 0 0 34.7368421052632 0 0 35.7894736842105 0 0 36.8421052631579 0 0 37.8947368421053 0 0 38.9473684210526 0 0 40 0 0 39.9794486480275 1.28206310286621 0 39.9178157100135 2.56280879922852 0 39.8151645179679 3.84092103630727 0 39.6716005529298 5.11508646738024 0 39.487271336578 6.38399580133517 0 39.2623662796426 7.64634514805489 0 38.9971164872729 8.90083735825258 0 38.6917945215612 10.1461833563803 0 38.3467141214664 11.3811034652413 0 37.9622298804267 12.6043287209448 0 37.5387368819904 13.8146021768523 0 37.0766702938409 15.010680195175 0 36.5765049206325 16.1913337248958 0 36.0387547160968 17.3553495647023 0 35.46397225492 18.5015316096334 0 34.8527481649356 19.6287020801575 0 34.2057105202138 20.735702732421 0 33.5235241956736 21.8213960484219 0 32.8068901838782 22.8846664048868 0 32.0565448747183 23.9244212196486 0 31.2732592987212 24.9395920743493 0 30.4578383347654 25.9291358123115 0 29.6111198830126 26.8920356104527 0 28.7339740039091 27.8273020241395 0 27.8273020241395 28.7339740039091 0 26.8920356104527 29.6111198830126 0 25.9291358123115 30.4578383347654 0 24.9395920743493 31.2732592987212 0 23.9244212196486 32.0565448747183 0 22.8846664048868 32.8068901838782 0 21.8213960484219 33.5235241956736 0 20.735702732421 34.2057105202138 0 19.6287020801575 34.8527481649356 0 18.5015316096334 35.46397225492 0 17.3553495647023 36.0387547160968 0 16.1913337248958 36.5765049206325 0 15.010680195175 37.0766702938409 0 13.8146021768523 37.5387368819904 0 12.6043287209448 37.9622298804267 0 11.3811034652413 38.3467141214664 0 10.1461833563803 38.6917945215612 0 8.90083735825258 38.9971164872729 0 7.64634514805489 39.2623662796426 0 6.38399580133517 39.487271336578 0 5.11508646738024 39.6716005529298 0 3.84092103630727 39.8151645179679 0 2.56280879922852 39.9178157100135 0 1.2820631028662 39.9794486480275 0 0 40 0 0 38.9473684210526 0 0 37.8947368421053 0 0 36.8421052631579 0 0 35.7894736842105 0 0 34.7368421052632 0 0 33.6842105263158 0 0 32.6315789473684 0 0 31.5789473684211 0 0 30.5263157894737 0 0 29.4736842105263 0 0 28.4210526315789 0 0 27.3684210526316 0 0 26.3157894736842 0 0 25.2631578947368 0 0 24.2105263157895 0 0 23.1578947368421 0 0 22.1052631578947 0 0 21.0526315789474 0 0 20 0 1.08277817170835 19.9706682770225 0 2.16238036847884 19.8827591430872 0 3.23563993105529 19.7365304508305 0 4.29940880422048 19.5324111142017 0 5.35056677058442 19.2709998503845 0 6.3860306027196 18.953063423656 0 7.40276310679828 18.5795343963358 0 8.39778203120529 18.1515083934191 0 9.3681688139958 17.6702408889205 0 10.3110771435404 17.1371435233518 0 11.2237413072476 16.5537799631378 0 12.1034843038753 15.9218613141129 0 12.9477256956366 15.2432411025527 0 13.7539891770685 14.5199098384626 0 14.5199098384626 13.7539891770685 0 15.2432411025527 12.9477256956366 0 15.9218613141129 12.1034843038753 0 16.5537799631378 11.2237413072476 0 17.1371435233518 10.3110771435404 0 17.6702408889205 9.3681688139958 0 18.1515083934191 8.39778203120529 0 18.5795343963358 7.40276310679828 0 18.953063423656 6.3860306027196 0 19.2709998503845 5.35056677058442 0 19.5324111142017 4.29940880422048 0 19.7365304508305 3.23563993105529 0 19.8827591430872 2.16238036847884 0 19.9706682770225 1.08277817170835 0

Option 3 - GMPE Library
gmm Sadigh97 Sadigh1997 strike-slip

Option 4 - GMPE GROUPS
gmmgroup Sadigh1997 1

Option 5 - MAGNITUDE SCALING RELATIONS
seismicity 1
truncexp S1 NM 2 1 4 6.4

Option 6 - Pre defined sites (Optional)
site1  0 0 0  VS30 760
