Option 0 - Global Parameters
Projection   : ECEF
Image        : 
Boundary     : 
ShearModulus : 3e11      #dyne/cm2
IM           : 0.001
im           : logsp(0.01,3,20);
MaxDistance  : 500
MagDiscrete  : gauss 10
Sigma        : 
PCE          : shuffle MC 500
IM1          : 0.01
IM2          : 1
Spatial      : 
Spectral     : 
SourceDeagg  : on
Clusters     : off 100 1

Option 1 - Logic Tree Weights
Geom Weight : 1
Gmpe Weight : 1
Mscl Weight : 1 

Option 2 - Source Geometry
geometry 1
area1 S1 crustal strike-slip null 0 1  1 0 0 leak 0 10 0 0.871557 9.96195 0 1.73648 9.84808 0 2.58819 9.65926 0 3.4202 9.39693 0 4.22618 9.06308 0 5 8.66025 0 5.73576 8.19152 0 6.42788 7.66044 0 7.07107 7.07107 0 7.66044 6.42788 0 8.19152 5.73576 0 8.66025 5 0 9.06308 4.22618 0 9.39693 3.4202 0 9.65926 2.58819 0 9.84808 1.73648 0 9.96195 0.871557 0 10 0 0 9.96195 -0.871557 0 9.84808 -1.73648 0 9.65926 -2.58819 0 9.39693 -3.4202 0 9.06308 -4.22618 0 8.66025 -5 0 8.19152 -5.73576 0 7.66044 -6.42788 0 7.07107 -7.07107 0 6.42788 -7.66044 0 5.73576 -8.19152 0 5 -8.66025 0 4.22618 -9.06308 0 3.4202 -9.39693 0 2.58819 -9.65926 0 1.73648 -9.84808 0 0.871557 -9.96195 0 0 -10 0 -0.871557 -9.96195 0 -1.73648 -9.84808 0 -2.58819 -9.65926 0 -3.4202 -9.39693 0 -4.22618 -9.06308 0 -5 -8.66025 0 -5.73576 -8.19152 0 -6.42788 -7.66044 0 -7.07107 -7.07107 0 -7.66044 -6.42788 0 -8.19152 -5.73576 0 -8.66025 -5 0 -9.06308 -4.22618 0 -9.39693 -3.4202 0 -9.65926 -2.58819 0 -9.84808 -1.73648 0 -9.96195 -0.871557 0 -10 0 0 -9.96195 0.871557 0 -9.84808 1.73648 0 -9.65926 2.58819 0 -9.39693 3.4202 0 -9.06308 4.22618 0 -8.66025 5 0 -8.19152 5.73576 0 -7.66044 6.42788 0 -7.07107 7.07107 0 -6.42788 7.66044 0 -5.73576 8.19152 0 -5 8.66025 0 -4.22618 9.06308 0 -3.4202 9.39693 0 -2.58819 9.65926 0 -1.73648 9.84808 0 -0.871557 9.96195 0

Option 3 - GMPE Library
gmm Sadigh97 Sadigh1997 strike-slip

Option 4 - GMPE GROUPS
gmmgroup Sadigh1997 1

Option 5 - MAGNITUDE SCALING RELATIONS
seismicity 1
delta S1 NM 2 7.0 

Option 6 - Pre defined sites (Optional)
site1  20 0 0  VS30 760

Option 8 - Verification Hazard Curve (Optional)
PGA   0.01 0.0135013 0.0182284 0.0246107 0.0332276 0.0448615 0.0605688 0.0817756 0.110407 0.149064 0.201256 0.271721 0.366858 0.495305 0.668725 0.902863 1.21898 1.64578 2.22201 3 
site1 2 2 2 2 1.99996 1.99934 1.99363 1.96049 1.83858 1.54881 1.09344 0.609367 0.255578 0.0773525 0.0162358 0.00227963 0.000207757 1.20036e-05 4.31931e-07 9.55267e-09             
