# SUR DEL PERU
area1 PE-43b-ID243    crustal  normal       wc1994 0   3   87  0   38  3.80 0 15 rigid -70.2931    -17.4627    -70.1822    -17.5049    -70.0856    -17.5622    -69.9923    -17.6019
area1 PE-43a-ID249    crustal  normal       wc1994 0   3   87  0   38  2.40 0 15 rigid -70.8347     -17.208    -70.7898     -17.218    -70.7062    -17.2604
area1 PE-42a-ID253    crustal  strike-slip  wc1994 0   3   52  0   38  4.00 0 15 rigid -71.3495    -17.6929    -71.3372    -17.6649     -71.297    -17.6315    -71.1494    -17.5567    -71.1045    -17.5166
area1 PE-42b-ID254    crustal  normal       wc1994 0   3   87  0   38  2.20 0 15 rigid -71.0994    -17.5098     -71.053     -17.471    -71.0115    -17.4498
area1 PE-42c2-ID256   crustal  normal       wc1994 0   3   72  0   38  2.20 0 15 rigid -71.068    -17.4826    -71.0424    -17.4304    -71.0081    -17.3895
area1 PE-51b-ID257    crustal  reverse      wc1994 0   3   52  0   38  2.20 0 15 rigid -70.0357    -17.9192     -70.105    -17.8617
area1 PE-51c-ID258    crustal  reverse      wc1994 0   3   52  0   38  2.40 0 15 rigid -70.0041    -17.9285    -70.0225    -17.8997    -70.0695    -17.8583
area1 PE-51a-ID259    crustal  reverse      wc1994 0   3   52  0   38  5.00 0 15 rigid -69.947    -17.9982    -70.1127    -17.8637    -70.1579    -17.8355    -70.3248    -17.8019    -70.3874    -17.8044    -70.4784    -17.7726    -70.5848    -17.7707
area1 PE-45-ID260     crustal  reverse      wc1994 0   3   72  0   38  4.30 0 15 rigid -70.9623    -17.3288     -70.735    -17.4289    -70.6293    -17.4654    -70.5658    -17.4632
area1 PE-38-ID261     crustal  normal       wc1994 0   3   52  0   38  2.50 0 15 rigid -71.1216     -17.633     -71.099    -17.6298    -71.0304    -17.5782
area1 PE-44b-ID268    crustal  normal       wc1994 0   3   72  0   38  3.60 0 15 rigid -70.6955    -17.1985     -70.616      -17.25    -70.5159    -17.2721    -70.4314    -17.3088
area1 PE-53-ID307     crustal  normal       wc1994 0   3   72  0   38  2.80 0 15 rigid -70.0551    -17.9304    -70.1063    -17.8984    -70.2186    -17.8527
area1 PE-47-ID308     crustal  normal       wc1994 0   3   72  0   38  2.10 0 15 rigid -70.5273    -17.5321    -70.4809     -17.622


# EAST-WEST FALUT SYSTEM
area1 CL-038-ID1      crustal  reverse      wc1994 0   3   72  0   18  2.50 0 15 rigid -70.2536    -19.3341    -70.2171    -19.3255    -70.1418    -19.2898    -69.9783    -19.2426
area1 CL-053-ID2      crustal  reverse      wc1994 0   3   72  0   18  2.10 0 15 rigid -70.1847    -19.6237    -70.0223    -19.5534    -69.9813    -19.5533
area1 CL-055-ID5      crustal  reverse      wc1994 0   3   72  0   18  1.90 0 15 rigid -70.1474    -20.2055    -70.1217    -20.2129    -70.0704    -20.1998    -70.0127    -20.2073    -69.9694    -20.2023

# ATACAMA FAULT SYSTEM
area1 CL-054-ID8      crustal  strike-slip  wc1994 0   3   72  0   18  2.90 0 15 rigid -70.1169    -20.8506     -70.091     -20.863    -70.0739    -20.8847    -70.0222    -20.9883    -69.9912    -21.0813    -69.9526    -21.1333    -69.9368    -21.2031
area1 CL-044a-ID9     crustal  reverse      wc1994 0   3   72  0   18  1.50 0 15 rigid -69.9442    -21.0908    -69.9103    -21.0831     -69.841    -21.0856
area1 CL-044b-ID10    crustal  reverse      wc1994 0   3   72  0   18  1.70 0 15 rigid -69.931    -21.1112    -69.8793    -21.0989     -69.796    -21.0975
area1 CL-044c-ID12    crustal  reverse      wc1994 0   3   72  0   18  2.40 0 15 rigid -69.9404    -21.1382    -69.8898     -21.129     -69.775     -21.135    -69.6683    -21.0994
area1 CL-044f-ID13    crustal  reverse      wc1994 0   3   72  0   18  1.40 0 15 rigid -69.9119    -21.1825    -69.8514    -21.1901    -69.8197    -21.1739
area1 CL-043-ID14     crustal  strike-slip  wc1994 0   3   72  0   18  2.20 0 15 rigid -70.0109    -21.2024    -70.0674    -21.1462    -70.1112    -21.0857    -70.1339    -21.0184
area1 CL-046-ID15     crustal  normal       wc1994 0   3   72  0   18  5.00 0 15 rigid -70.3211     -23.822    -70.3218    -23.7838    -70.3035    -23.6751    -70.2491    -23.5096    -70.0865    -23.1897    -69.9868    -23.0609     -69.924    -22.9143    -69.8569    -22.6149    -69.8458     -22.251    -69.8473    -22.1527    -69.8672    -21.9434    -69.8486    -21.5971
area1 CL-036-ID16     crustal  normal       wc1994 0   3   72  0   18  2.80 0 15 rigid -70.4218    -23.4065    -70.3909    -23.3683    -70.3503    -23.2849    -70.3053    -23.0586
area1 CL-044e-ID17    crustal  reverse      wc1994 0   3   72  0   18  1.60 0 15 rigid -69.9401    -21.1778    -69.8714    -21.1449    -69.8547    -21.1462    -69.8336    -21.1626
area1 CL-051-ID18     crustal  normal       wc1994 0   3   72  0   18  2.70 0 15 rigid -70.3165    -23.3014    -70.2829    -23.2352    -70.2442    -23.1042    -70.2144    -23.0425    -70.2054    -22.9849
area1 CL-050-ID19     crustal  normal       wc1994 0   3   72  0   18  2.10 0 15 rigid -70.1883    -22.9284    -70.1781    -22.8696    -70.1732    -22.7191
area1 CL-045-ID20     crustal  normal       wc1994 0   3   87  0   18  3.70 0 15 rigid -70.3341    -24.4049    -70.3874    -24.0265    -70.4146    -23.8843    -70.4568    -23.7612
area1 CL-040-ID21     crustal  normal       wc1994 0   3   87  0   18  1.90 0 15 rigid -70.4475    -24.0016     -70.458    -23.9521    -70.4851    -23.9121    -70.4903    -23.8711    -70.5033    -23.8501
area1 CL-052-ID22     crustal  normal       wc1994 0   3   72  0   18  4.10 0 15 rigid -70.4406    -24.9808    -70.3928    -24.8206    -70.3653    -24.6939    -70.3156    -24.4033    -70.2911    -24.1955
area1 CL-049-ID23     crustal  normal       wc1994 0   3   72  0   18  2.70 0 15 rigid -70.4922    -23.4191    -70.4964    -23.3038    -70.5059    -23.2706    -70.5118    -23.1856    -70.4864    -23.0951
area1 CL-041-ID24     crustal  normal       wc1994 0   3   72  0   18  2.10 0 15 rigid -70.5328    -23.3977    -70.5411    -23.3596    -70.5688    -23.3029     -70.564    -23.2576    -70.5783    -23.2316    -70.5778    -23.2084


# SAN RAMON FAULT
area1 CL-001a-ID81    crustal  reverse      wc1994 0   3   37  0   24  3.40 0 15 rigid -70.5347    -33.6173    -70.5269    -33.5293     -70.518    -33.4968    -70.5207    -33.4361      -70.54    -33.4055    -70.5476    -33.3692

# PICHILEMU FAULT
area1 CL-003-ID82     crustal  normal       wc1994 0   3   72  0   18  2.60 0 15 rigid -71.9829    -34.3695    -71.8332    -34.5362     -71.725    -34.5866
area1 CL-002b-ID83    crustal  normal       wc1994 0   3   72  0   18  2.60 0 15 rigid -71.948    -34.0847     -71.785    -34.2268    -71.7809    -34.2519    -71.7222    -34.3272
area1 CL-002c-ID84    crustal  normal       wc1994 0   3   72  0   18  2.90 0 15 rigid -71.6101    -34.4215    -71.7086    -34.3514     -71.804    -34.2812    -71.9302    -34.1507


# ANDEAN TRANSVERSE FAULTS & LIQUIÑE-OFQUI FAULT SYSTEM
area1 CL-006ff-ID27   crustal  strike-slip  wc1994 0   3   87  0   35  4.90 0 15 rigid -72.2913    -41.4701    -72.1361    -41.2335     -72.088    -41.1364    -71.9641    -40.9338
area1 CL-006dd-ID28   crustal  strike-slip  wc1994 0   3   87  0   35  3.60 0 15 rigid -72.286    -41.4118    -72.2652    -41.0991
area1 CL-031-ID29     crustal  reverse      wc1994 0   3   87  0   35  3.00 0 15 rigid -72.7534    -42.2363    -72.5617    -42.3941
area1 CL-028-ID30     crustal  reverse      wc1994 0   3   87  0   35  4.40 0 15 rigid -73.2482     -41.764    -72.7008    -42.0018
area1 CL-032-ID31     crustal  reverse      wc1994 0   3   87  0   35  5.00 0 15 rigid -72.8773    -42.2869    -72.5957     -42.538     -72.296    -42.7399
area1 CL-034-ID32     crustal  reverse      wc1994 0   3   87  0   35  4.60 0 15 rigid -73.1218    -42.7262    -72.8657    -42.8476    -72.4939    -43.0063
area1 CL-006kk-ID33   crustal  strike-slip  wc1994 0   3   87  0   35  5.00 0 15 rigid -72.4634    -42.5091    -72.4529    -42.0848    -72.3451    -41.6607    -72.3046    -41.4563
area1 CL-006jj-ID34   crustal  strike-slip  wc1994 0   3   87  0   35  3.40 0 15 rigid -72.581    -42.1346    -72.4979    -41.9754    -72.4607    -41.8594
area1 CL-033-ID36     crustal  reverse      wc1994 0   3   87  0   35  2.40 0 15 rigid -72.6058    -42.7207    -72.4761    -42.8324
area1 CL-006aaa-ID37  crustal  strike-slip  wc1994 0   3   87  0   35  3.70 0 15 rigid -75.2682    -47.9155    -74.8177    -47.7634
area1 CL-006ww-ID38   crustal  strike-slip  wc1994 0   3   87  0   35  5.00 0 15 rigid -73.5606    -45.7892    -73.4346    -45.1262
area1 CL-006rr-ID39   crustal  normal       wc1994 0   3   87  0   35  4.80 0 15 rigid -73.57    -45.8842     -73.073    -45.4125
area1 CL-006qq-ID40   crustal  normal       wc1994 0   3   87  0   35  5.00 0 15 rigid -73.4893    -45.4148    -73.0361    -45.1188    -72.8732    -44.9605    -72.6887    -44.7644
area1 CL-006mm-ID41   crustal  strike-slip  wc1994 0   3   87  0   35  5.00 0 15 rigid -72.3293    -43.6622    -72.3633    -43.4597    -72.4325    -43.2263    -72.4794    -43.0207    -72.4729    -42.6561
area1 CL-006vv-ID42   crustal  normal       wc1994 0   3   87  0   35  5.00 0 15 rigid -73.9403    -46.8545    -73.2893    -46.1613
area1 CL-006z-ID43    crustal  strike-slip  wc1994 0   3   87  0   35  5.00 0 15 rigid -72.1668    -41.0456    -72.1631    -40.8112    -72.1509    -40.6789    -72.1321    -40.5334    -72.0463    -40.2872
area1 CL-006zz-ID44   crustal  strike-slip  wc1994 0   3   87  0   35  5.00 0 15 rigid -74.6934    -47.6953    -74.4611    -47.4637    -74.0234    -47.0004
area1 CL-006uu-ID45   crustal  normal       wc1994 0   3   87  0   35  4.70 0 15 rigid -73.6993    -46.3913    -73.3217    -45.9033
area1 CL-006yy-ID46   crustal  strike-slip  wc1994 0   3   87  0   35  4.80 0 15 rigid -73.984    -46.9507    -73.7255    -46.4032
area1 CL-006xx-ID47   crustal  strike-slip  wc1994 0   3   87  0   35  4.20 0 15 rigid -73.6737    -46.3264    -73.6372    -46.2132    -73.5781    -45.9013
area1 CL-006tt-ID48   crustal  normal       wc1994 0   3   87  0   35  4.90 0 15 rigid -73.3055    -45.8926    -73.0824    -45.7893    -72.8508    -45.6488    -72.6624    -45.5102
area1 CL-006iii-ID49  crustal  strike-slip  wc1994 0   3   87  0   35  4.90 0 15 rigid -72.9325    -45.6327    -72.9035    -45.4664    -72.8867    -45.4215    -72.9048    -45.3198    -72.9154    -45.1528    -72.8938    -45.0326
area1 CL-006ddd-ID50  crustal  strike-slip  wc1994 0   3   87  0   35  5.00 0 15 rigid -73.0812    -45.7541    -73.0954    -45.6688    -73.0921    -45.5689    -73.0584     -45.345    -73.0072    -45.1744     -72.921    -45.0964    -72.8969    -45.0582
area1 CL-006kkk-ID51  crustal  strike-slip  wc1994 0   3   87  0   35  4.40 0 15 rigid -72.7215    -45.5226    -72.7001    -45.3203    -72.7176    -45.2159    -72.7184    -45.1041    -72.7325    -45.0313
area1 CL-006mmm-ID52  crustal  strike-slip  wc1994 0   3   87  0   35  3.60 0 15 rigid -72.7636    -45.3818    -72.7591    -45.2324    -72.7725    -45.2017    -72.7488    -45.1575    -72.7554    -45.0734
area1 CL-006bbb-ID53  crustal  strike-slip  wc1994 0   3   87  0   35  2.20 0 15 rigid -73.007    -45.1715     -72.967    -45.1005    -72.9576    -45.0608
area1 CL-006eee-ID54  crustal  strike-slip  wc1994 0   3   87  0   35  3.30 0 15 rigid -73.0353    -45.4954    -72.9967     -45.371    -72.9878    -45.2246
area1 CL-006pp-ID55   crustal  normal       wc1994 0   3   87  0   35  4.00 0 15 rigid -73.2148    -44.9653    -72.9632    -44.8672    -72.7479    -44.7506
area1 CL-006oo-ID56   crustal  strike-slip  wc1994 0   3   87  0   35  5.00 0 15 rigid -72.6914    -44.7024    -72.6128     -44.512    -72.4785    -44.1405    -72.4034    -43.9364    -72.3352    -43.6885
area1 CL-035-ID57     crustal  reverse      wc1994 0   3   87  0   35  4.50 0 15 rigid -72.4266    -43.2186    -71.8702    -43.5217
area1 CL-029-ID58     crustal  normal       wc1994 0   3   87  0   35  2.60 0 15 rigid -72.5504    -41.7477    -72.3507    -41.6674
area1 CL-025-ID59     crustal  reverse      wc1994 0   3   87  0   35  3.30 0 15 rigid -72.662    -41.3171    -72.4816    -41.3834    -72.3328     -41.425
area1 CL-026-ID60     crustal  reverse      wc1994 0   3   87  0   35  2.10 0 15 rigid -72.3068    -41.5471    -72.2016    -41.6217
area1 CL-027-ID61     crustal  reverse      wc1994 0   3   87  0   35  2.10 0 15 rigid -72.1291    -41.7233     -72.198    -41.6257
area1 CL-024-ID62     crustal  normal       wc1994 0   3   87  0   35  3.70 0 15 rigid -72.5445    -41.1251    -72.1754    -40.9214
area1 CL-006w-ID63    crustal  strike-slip  wc1994 0   3   87  0   35  5.00 0 15 rigid -72.0021    -40.2689    -71.9361    -40.1809    -71.8775    -40.0585     -71.856    -39.9589    -71.8374    -39.7569    -71.8038    -39.6737
area1 CL-020a-ID64    crustal  reverse      wc1994 0   3   87  0   35  3.70 0 15 rigid -72.336    -39.7934    -71.9629    -39.9675
area1 CL-020b-ID65    crustal  reverse      wc1994 0   3   87  0   35  3.40 0 15 rigid -71.879    -40.0585    -71.5367    -40.1683
area1 CL-006x-ID67    crustal  strike-slip  wc1994 0   3   87  0   35  1.90 0 15 rigid -72.1003    -40.0879    -72.0501    -40.0067
area1 CL-021a-ID68    crustal  reverse      wc1994 0   3   87  0   35  2.00 0 15 rigid -72.2652    -40.1891    -72.1492     -40.225
area1 CL-021b-ID69    crustal  reverse      wc1994 0   3   87  0   35  2.90 0 15 rigid -71.9373    -40.3006    -71.6864    -40.3799
area1 CL-006r-ID70    crustal  strike-slip  wc1994 0   3   87  0   35  5.00 0 15 rigid -71.7147    -40.0071    -71.6685    -39.8251    -71.5458    -39.5038      -71.54    -39.3981
area1 CL-006u-ID71    crustal  strike-slip  wc1994 0   3   87  0   35  2.00 0 15 rigid -71.9766    -39.8064    -71.9283    -39.7142
area1 CL-017-ID72     crustal  reverse      wc1994 0   3   87  0   35  3.30 0 15 rigid -72.1901    -39.4474    -72.1178    -39.4914    -71.9937    -39.5476    -71.9244     -39.621
area1 CL-018-ID73     crustal  reverse      wc1994 0   3   87  0   35  2.20 0 15 rigid -72.1121    -39.5445    -71.9861    -39.6054
area1 CL-019-ID74     crustal  reverse      wc1994 0   3   87  0   35  2.20 0 15 rigid -72.2181     -39.705    -72.1087    -39.7811
area1 CL-006t-ID75    crustal  strike-slip  wc1994 0   3   87  0   35  2.30 0 15 rigid -71.8607    -39.6863    -71.7955    -39.5681
area1 CL-006q-ID76    crustal  strike-slip  wc1994 0   3   87  0   35  2.30 0 15 rigid -71.7834    -39.4672    -71.7804    -39.3397
area1 CL-006p-ID77    crustal  strike-slip  wc1994 0   3   87  0   35  3.00 0 15 rigid -71.7988    -39.2988    -71.7811    -39.2058    -71.7426      -39.09
area1 CL-015-ID78     crustal  reverse      wc1994 0   3   87  0   35  4.40 0 15 rigid -72.0843    -39.1873     -71.982    -39.2273    -71.7009    -39.3587    -71.5428    -39.4494
area1 CL-006o-ID79    crustal  strike-slip  wc1994 0   3   87  0   35  2.70 0 15 rigid -71.8873    -39.2641    -71.8397    -39.2238    -71.7993    -39.1499    -71.7869    -39.1029
area1 CL-004b-ID80    crustal  reverse      wc1994 0   3   72  0   18  4.90 0 15 rigid -72.4455    -38.8865     -72.649    -38.6622    -72.7461    -38.5666    -73.0458    -38.1773    -73.2729    -37.9548
area1 CL-006e-ID85    crustal  strike-slip  wc1994 0   3   87  0   35  2.60 0 15 rigid -71.3074    -38.0339    -71.2927    -38.0102    -71.2825    -37.9336    -71.2597    -37.8763
area1 CL-012-ID86     crustal  normal       wc1994 0   3   87  0   35  2.30 0 15 rigid -71.5712    -38.6067    -71.4256    -38.5567
area1 CL-013-ID87     crustal  normal       wc1994 0   3   72  0   35  3.90 0 15 rigid -71.3706    -38.5136    -71.4511    -38.6321    -71.5939    -38.7549    -71.6384    -38.8171
area1 CL-010-ID88     crustal  reverse      wc1994 0   3   72  0   35  4.10 0 15 rigid -71.3128    -38.3334     -71.257    -38.3937    -71.0415    -38.6766
area1 CL-006m-ID89    crustal  strike-slip  wc1994 0   3   87  0   35  3.20 0 15 rigid -71.3667    -38.4438    -71.2931    -38.1947
area1 CL-006gc-ID90   crustal  normal       wc1994 0   3   72  0   35  3.70 0 15 rigid -71.4363     -38.182    -71.4467    -38.3034    -71.4636    -38.3443    -71.5156    -38.3775    -71.6441    -38.4262
area1 CL-006gb-ID91   crustal  normal       wc1994 0   3   72  0   35  4.30 0 15 rigid -71.3098    -38.0374    -71.3728    -38.0734    -71.4025    -38.1026     -71.478    -38.2588     -71.537    -38.3256    -71.6256    -38.3666
area1 CL-008-ID92     crustal  normal       wc1994 0   3   72  0   35  3.20 0 15 rigid -71.3301    -38.3299    -71.2871    -38.2907    -71.0993    -38.1685
area1 CL-007-ID93     crustal  normal       wc1994 0   3   87  0   35  3.20 0 15 rigid -71.1332    -38.0061    -71.2132      -38.03    -71.3383    -38.0812    -71.4126    -38.1272
area1 CL-006j-ID94    crustal  strike-slip  wc1994 0   3   87  0   35  2.20 0 15 rigid -71.3513    -38.1944    -71.3262    -38.0782
area1 CL-006k-ID95    crustal  strike-slip  wc1994 0   3   87  0   35  2.00 0 15 rigid -71.3433    -38.2324    -71.3119     -38.134
area1 CL-006b-ID96    crustal  strike-slip  wc1994 0   3   87  0   35  4.90 0 15 rigid -71.605    -38.9783    -71.6099    -38.9043    -71.6445    -38.8316     -71.642    -38.7296    -71.6569    -38.5195     -71.648    -38.3832
area1 CL-006a-ID97    crustal  strike-slip  wc1994 0   3   87  0   35  3.30 0 15 rigid -71.641    -38.2418    -71.6239    -38.1678    -71.6242    -38.1364    -71.5889    -38.0083    -71.5623    -37.9742
area1 CL-006f-ID98    crustal  strike-slip  wc1994 0   3   87  0   35  3.00 0 15 rigid -71.285    -38.0134    -71.2576    -37.9738    -71.2144    -37.9369    -71.0899    -37.8735
area1 CL-006n-ID99    crustal  strike-slip  wc1994 0   3   87  0   35  3.70 0 15 rigid -71.437    -38.9149    -71.4217    -38.7958     -71.392    -38.6908    -71.3852    -38.6208    -71.3703    -38.5756
area1 CL-009-ID100    crustal  reverse      wc1994 0   3   87  0   35  3.60 0 15 rigid -71.8923     -38.037     -71.766    -38.1859    -71.6568    -38.2935
area1 CL-014-ID101    crustal  normal       wc1994 0   3   87  0   35  4.30 0 15 rigid -71.6685    -39.0345    -71.5165    -38.9722    -71.3347    -38.8482    -71.1739    -38.7783
area1 CL-023a-ID102   crustal  reverse      wc1994 0   3   87  0   35  3.50 0 15 rigid -72.4397    -40.3187    -72.3132    -40.3903    -72.2461    -40.4531    -72.1452     -40.524
area1 CL-023c-ID103   crustal  reverse      wc1994 0   3   87  0   35  2.30 0 15 rigid -72.2911    -40.4741     -72.153    -40.5572
area1 CL-016-ID104    crustal  reverse      wc1994 0   3   87  0   35  4.70 0 15 rigid -71.5747     -39.582    -72.2024    -39.2908
area1 CL-005-ID105    crustal  normal       wc1994 0   3   87  0   35  3.90 0 15 rigid -71.5515    -37.9644     -71.105    -37.8131
area1 CL-006aa-ID106  crustal  strike-slip  wc1994 0   3   87  0   35  2.20 0 15 rigid -72.0462    -40.4886    -72.0275    -40.3681
area1 CL-022-ID107    crustal  reverse      wc1994 0   3   87  0   35  3.70 0 15 rigid -72.0804    -40.3611    -72.3881    -40.0967
area1 CL-011-ID108    crustal  normal       wc1994 0   3   87  0   35  2.80 0 15 rigid -71.5664    -38.5424    -71.3604    -38.4214
area1 AR-0236d-ID182  crustal  reverse      wc1994 0   3   52  0   24  2.80 0 15 rigid -70.9467    -37.2233    -70.9628    -37.2545    -70.9647    -37.3386     -70.947    -37.3845    -70.9448     -37.434
area1 AR-0236f-ID183  crustal  reverse      wc1994 0   3   72  0   24  3.30 0 15 rigid -70.9206    -37.0731    -70.9099    -37.2242    -70.9456    -37.4568
area1 AR-0236i-ID184  crustal  normal       wc1994 0   3   72  0   24  2.80 0 15 rigid -70.7142     -37.338    -70.6407    -37.4513     -70.632    -37.5641    -70.6121    -37.5809
area1 AR-0236l-ID186  crustal  strike-slip  wc1994 0   3   52  0   24  2.10 0 15 rigid -70.8401    -37.4513    -70.9135    -37.5648
area1 AR-0236m-ID187  crustal  normal       wc1994 0   3   87  0   24  2.40 0 15 rigid -70.9047    -37.4732    -71.0036    -37.6681
area1 AR-0236j-ID188  crustal  normal       wc1994 0   3   72  0   24  2.80 0 15 rigid -70.85    -37.5845    -70.8085    -37.5386    -70.8104    -37.5172    -70.7836    -37.4894    -70.7199    -37.4123    -70.7117    -37.3601
area1 AR-0236a-ID190  crustal  reverse      wc1994 0   3   52  0   24  4.00 0 15 rigid -71.0872    -36.6106    -71.0367    -36.7806    -71.0237    -36.9432    -70.9171    -37.0387
area1 AR-0236g-ID191  crustal  reverse      wc1994 0   3   52  0   24  2.80 0 15 rigid -70.7999    -37.0406    -70.7121    -37.2447
area1 AR-0236b-ID982  crustal  reverse      wc1994 0   3   72  0   24  3.90 0 15 rigid -70.7881    -37.0177    -70.8612    -36.9761    -70.9677    -36.8641    -71.0245    -36.7397    -71.0354     -36.666     -71.075     -36.627    -71.1017    -36.5819


# MAGALLANES-FAGNANO FAULT SYSTEM
area1 CL-056b-ID109   crustal  normal       wc1994 0   3   87  0   27  5.00 0 15 rigid -70.9564    -54.1047    -71.4199    -53.9309    -71.9324    -53.7928    -72.4003    -53.6145    -72.7835    -53.4407    -73.1044    -53.3204    -73.4297    -53.1287    -73.6837    -52.9416
area1 CL-056c-ID110   crustal  normal       wc1994 0   3   87  0   27  4.80 0 15 rigid -68.6782    -54.3713    -69.3333    -54.2795    -69.5673    -54.2258     -69.934    -54.1712
area1 CL-056d-ID111   crustal  normal       wc1994 0   3   87  0   27  3.50 0 15 rigid -69.258    -54.3484     -68.916    -54.3833     -68.705    -54.4317    -68.5992    -54.4446
area1 CL-056e-ID112   crustal  normal       wc1994 0   3   87  0   27  3.30 0 15 rigid -69.5039    -54.1866    -69.8323    -54.1358    -70.0681    -54.0859
area1 CL-056f-ID113   crustal  normal       wc1994 0   3   87  0   27  2.70 0 15 rigid -70.8543    -53.9439    -70.5862    -54.1204
area1 CL-056g-ID114   crustal  normal       wc1994 0   3   87  0   27  2.80 0 15 rigid -70.477    -54.2543    -70.5547    -54.2136    -70.7675    -54.1403    -70.8114    -54.1115
area1 CL-056h-ID115   crustal  normal       wc1994 0   3   87  0   27  2.10 0 15 rigid -69.9567    -54.3159    -70.1527    -54.3789
area1 CL-056i-ID116   crustal  normal       wc1994 0   3   87  0   27  2.60 0 15 rigid -69.1706    -54.4298    -69.0369    -54.4571    -68.9789    -54.4804    -68.8061    -54.5103
area1 CL-056j-ID117   crustal  normal       wc1994 0   3   87  0   27  2.20 0 15 rigid -69.6206    -54.3119    -69.7237    -54.3064    -69.8805    -54.3165
area1 AR-0056a-ID163  crustal  strike-slip  wc1994 0   3   87  0   27  5.00 0 15 rigid -70.2478    -54.0601    -70.1275    -54.1092    -69.8378    -54.1894    -69.6105    -54.2339     -69.254    -54.3498    -69.1426    -54.4077    -68.7148    -54.4969      -68.59    -54.5147    -68.5459    -54.5346    -68.1628    -54.5727    -67.9378    -54.5632    -67.7871    -54.5412
area1 AR-0056b-ID164  crustal  strike-slip  wc1994 0   3   87  0   27  2.50 0 15 rigid -67.632    -54.5495    -67.3857    -54.5507    -67.2834    -54.5358
area1 AR-0056d-ID166  crustal  strike-slip  wc1994 0   3   87  0   27  2.90 0 15 rigid -67.2342    -54.5376    -66.9617    -54.5548    -66.8701    -54.5792    -66.7833    -54.5858
area1 AR-0056g-ID167  crustal  strike-slip  wc1994 0   3   87  0   27  2.90 0 15 rigid -66.7341    -54.5566    -66.6133    -54.5602    -66.5919    -54.5489    -66.5181    -54.5542    -66.4593    -54.5352    -66.4087    -54.5358    -66.3065     -54.509
